92256
92260
92268
92272
92276
92335
92351
92363
92379
92383
92399
92419
92435
92439
92443
92451
92467
92503
158916
218092
253942
280630
282670
291817
302089
309298
313389
320582
331835
333921
335854
335914
335978
337925
338037
340048
341044
342001
349216
355309
369873
369879
370031
370143
370151
377832
389606
402014
409645
415720
419906
422424
457014
465221
474653
483648
499773
512006
514045
514066
514093
516939
518256
518569
520302
520390
532465
535664
600176
600399
643106
664853
671017
671023
678038
678044
678050
678055
678062
678067
678075
687410
701759
716992
729175
729365
731157
731206
735314
741357
746601
752623
772074
775398
787755
808040
824538
824543
824559
824567
824582
839692
839712
839732
839743
839766
839777
839787
839804
841708
841718
854015
870425
929821
1021995
1022219
1022224
1022229
1022236
1022241
1022246
1022256
1022261
1022267
1022272
1022277
1031314
1035256
1050646
1050860
1077330
1084627
1090803
92256
92260
92268
92272
92276
92335
92351
92363
92379
92383
92399
92419
92435
92439
92443
92451
92467
92503
158916
218092
253942
280630
282670
291817
302089
309298
313389
320582
331835
333921
335854
335914
335978
337925
338037
340048
341044
342001
349216
355309
369873
369879
370031
370143
370151
377832
389606
402014
409645
415720
419906
422424
457014
465221
474653
483648
499773
512006
514045
514066
514093
516939
518256
518569
520302
520390
532465
535664
600176
600399
643106
664853
671017
671023
678038
678044
678050
678055
678062
678067
678075
687410
701759
716992
729175
729365
731157
731206
735314
741357
746601
752623
772074
775398
787755
808040
824538
824543
824559
824567
824582
839692
839712
839732
839743
839766
839777
839787
839804
841708
841718
854015
870425
929821
1021995
1022219
1022224
1022229
1022236
1022241
1022246
1022256
1022261
1022267
1022272
1022277
1031314
1035256
1050646
1050860
1077330
1084627
1090803
92256
92260
92268
92272
92276
92335
92351
92363
92379
92383
92399
92419
92435
92439
92443
92451
92467
92503
158916
218092
253942
280630
282670
291817
302089
309298
313389
320582
331835
333921
335854
335914
335978
337925
338037
340048
341044
342001
349216
355309
369873
369879
370031
370143
370151
377832
389606
402014
409645
415720
419906
422424
457014
465221
474653
483648
499773
512006
514045
514066
514093
516939
518256
518569
520302
520390
532465
535664
600176
600399
643106
664853
671017
671023
678038
678044
678050
678055
678062
678067
678075
687410
701759
716992
729175
729365
731157
731206
735314
741357
746601
752623
772074
775398
787755
808040
824538
824543
824559
824567
824582
839692
839712
839732
839743
839766
839777
839787
839804
841708
841718
854015
870425
929821
1021995
1022219
1022224
1022229
1022236
1022241
1022246
1022256
1022261
1022267
1022272
1022277
1031314
1035256
1050646
1050860
1077330
1084627
1090803
92256
92260
92268
92272
92276
92335
92351
92363
92379
92383
92399
92419
92435
92439
92443
92451
92467
92503
158916
218092
253942
280630
282670
291817
302089
309298
313389
320582
331835
333921
335854
335914
335978
337925
338037
340048
341044
342001
349216
355309
369873
369879
370031
370143
370151
377832
389606
402014
409645
415720
419906
422424
457014
465221
474653
483648
499773
512006
514045
514066
514093
516939
518256
518569
520302
520390
532465
535664
600176
600399
643106
664853
671017
671023
678038
678044
678050
678055
678062
678067
678075
687410
701759
716992
729175
729365
731157
731206
735314
741357
746601
752623
772074
775398
787755
808040
824538
824543
824559
824567
824582
839692
839712
839732
839743
839766
839777
839787
839804
841708
841718
854015
870425
929821
1021995
1022219
1022224
1022229
1022236
1022241
1022246
1022256
1022261
1022267
1022272
1022277
1031314
1035256
1050646
1050860
1077330
1084627
1090803
